005930
000660
057030
108230
453340
046440
472220
085310
000370
120240
009440
051980
291650
139290
054540
580010
0102X0
187270
407820
003070
079970
487130
206650
016600
037440
178780
461500
464500
430500
083420
128940
065680
226340
0072R0
381180
286940
002690
130680
347770
440110
003460
035460
138610
227550
015860
190620
301400
530084
453650
550091
476030
396470
005945
257720
071850
084370
307930
396500
002700
268280
112290
003300
026910
000230
035000
003030
610082
075580
049070
350520
066590
010060
254490
004910
520055
610094
179900
026960
064240
448730
002800
481180
246960
003520
442580
101390
007310
449180
490090
0115C0
317690
092230
480370
610093
007390
458250
457690
041960
069330
366030
003090
154030
002310
064960
000040
441680
376180
530105
489480
054780
001420
330730
111110
570056
487340
204210
044990
138070
455890
139990
459510
139260
250060
014470
083640
500038
440640
610063
424980
018680
152550
226330
900070
245620
203450
021240
241710
340440
001340
230480
0120G0
023000
043260
023410
0096B0
900120
375500
459580
0047A0
610059
029780
096760
425420
029480
004770
205100
463020
013810
083650
001820
0162Z0
0041D0
278620
0050E0
279570
272450
340810
449450
382800
250930
017370
022100
491220
244660
0151P0
150900
005680
067990
500095
0141T0
471040
054180
016880
364950
043090
143540
0080Y0
475430
105840
004540
266420
053950
457190
475580
0067V0
357870
114090
453330
024840
0018Z0
053210
0131A0
090410
0060H0
188040
000220
295040
108320
530118
182400
468530
025820
012320
139240
530128
036180
033530
610012
497520
066410
147760
012340
441540
520066
234080
011785
008870
530143
092460
480260
469160
229200
329200
570106
069960
520084
047770
498410
223190
461030
251630
475270
223310
237880
053280
117680
004980
520040
058820
140570
111770
004490
760026
067830
006840
446690
278530
289670
263020
047080
0099X0
371870
491820
005360
004080
039830
073190
426330
000490
372320
900250
700033
066700
530142
570085
038620
389680
580019
322310
0118Z0
380550
610051
610092
520065
530137
028080
395280
021880
418550
010690
367000
277650
450080
446840
459560
580052
024060
099140
476800
014160
457600
067290
192090
474610
069140
570114
023910
107590
171090
475660
444920
269530
025440
442570
296640
005389
247660
490590
211900
203690
094800
472870
0026S0
080220
016710
038540
469070
095910
023960
433880
760007
073540
004920
095270
0132K0
003470
289040
409810
290690
041910
206560
417860
199730
306040
0094X0
001520
385550
267790
002170
0089B0
002720
610023
210540
309710
104460
376930
273130
109610
045100
0098T0
478390
008260
494180
208640
550085
110790
002360
307180
0099W0
0132D0
453660
450950
452300
301410
023600
163280
229720
0098Z0
003920
338100
083660
240810
041590
360200
092130
0035T0
280920
204320
530126
184230
067010
241590
394280
115160
469610
084695
148020
461950
309960
33626L
266550
476260
110020
294400
112610
157500
023440
570102
357430
473490
001360
412540
497880
570090
280360
472830
053030
385590
500063
397810
098070
413220
243070
014910
139480
001510
478440
0000Y0
105330
085670
310210
279530
417200
131290
580065
484810
0015S0
318060
219130
0005A0
475070
001720
396510
376410
277810
008420
056080
284620
376980
469900
580023
000880
016800
036010
570057
015020
098460
009580
570050
126720
476750
261060
327260
700035
062970
025540
000225
455310
432840
237440
049720
206400
146060
133690
132030
119850
043200
005010
530096
084010
074430
093520
051490
020560
036480
253160
040160
402460
351870
464680
016090
002870
006740
009200
570111
950220
085810
035200
0127M0
204610
003670
003495
012860
520047
143850
044490
196300
570071
520009
098120
461910
520037
448300
352560
377190
096690
520078
007660
102370
246250
428510
610090
095340
279540
092070
0073X0
253290
032820
0004Y0
271560
004430
032080
550064
0026E0
300610
010950
025620
136490
263770
405000
168330
127980
273140
017800
054210
489000
084440
080720
091120
003540
400590
570051
454320
570103
101730
129890
500078
0131W0
0102A0
031310
304670
195990
451700
170920
104480
453870
489290
452360
0015N0
102260
403790
139250
007530
032560
388870
024940
210780
397420
120110
489860
060560
494330
285690
017670
004990
441640
290740
090850
262260
253450
036810
227830
168360
091700
479880
011080
332570
494210
325010
580022
480020
084110
424870
0013R0
433330
008500
456160
424760
058630
610020
052400
475260
204480
520091
760014
066310
121600
009810
101530
0007N0
251120
182480
214370
225800
039240
090080
570117
003830
388280
005430
468760
204270
760004
251370
001270
051780
0036D0
014710
183190
009320
078930
261250
005810
000155
0139F0
550096
064820
385600
0128D0
009680
003230
272560
012620
402970
387270
270520
095500
187660
252400
443670
353590
209640
0092C0
418620
580069
481060
052300
179290
454180
153710
001040
293940
214680
495050
006360
083930
610001
0047N0
097950
002030
000590
105190
033170
017860
530135
610022
500094
355150
0155N0
302190
318010
090430
461300
002900
311320
286750
001460
362320
466930
414780
038290
083470
003490
032280
471050
034830
263600
007590
007815
0041B0
159800
009900
138540
0051A0
199820
100130
142280
016450
003350
530125
065440
158430
082640
332370
475240
143210
087260
053580
275980
0096D0
145020
086900
319400
012700
003060
442090
003160
376270
193250
413630
432470
453630
035900
034730
002600
451760
003120
054300
439860
028100
469750
002420
45226K
032830
083550
454780
530131
0153X0
289930
000970
038070
00499K
015890
360750
500037
009070
020000
037350
163730
290650
234030
089980
580081
139670
002220
005290
315270
490490
457930
393890
469790
400580
037270
237370
0144L0
420570
317240
475460
481070
122450
136480
256750
329670
446700
005305
491510
031860
419430
550082
372330
530134
377740
269420
482630
570092
101000
406820
457940
187790
530062
0017Y0
069920
051160
256440
095190
760013
090360
500097
298540
019990
293180
251970
500071
278240
610081
000100
348340
580034
0036R0
452190
019540
007680
089590
300120
438570
049520
012800
530138
239610
700011
289220
001560
760010
002140
352540
0047R0
120115
388720
086670
138230
000480
174350
322510
338840
052420
076080
157450
037710
334890
002380
037400
041020
388420
451250
248270
145850
385540
189860
530139
177350
294630
266160
270810
019685
161510
240600
610057
045520
122350
210980
482520
049960
019550
262840
145720
475350
003547
084680
305080
008110
077970
466940
079900
0043B0
760027
279600
416180
323990
463640
480460
011790
041510
005070
097780
058730
458260
109740
438700
091160
260930
438560
222800
520038
610100
445680
530115
010955
088790
368680
091590
610070
238670
018250
094280
290670
083310
060900
106520
0101N0
298050
148780
014620
093320
239340
311690
0037T0
500051
570110
006120
054220
479520
363250
610085
520075
072770
570059
136410
053450
263750
314700
013030
0105D0
000680
580071
101160
091230
001525
0005C0
353810
011780
580077
0044K0
033290
510043
041830
036570
434960
219900
449680
051360
215360
002920
082920
244670
377480
267320
377220
128820
001065
095610
416090
261200
760015
385510
108675
005725
0008E0
138520
520039
354240
048550
191420
198440
125210
580074
434060
139270
011560
072130
483650
347890
263690
0112X0
475300
0089C0
289080
121850
028050
004440
0152E0
481050
217480
483240
138040
195870
298690
060720
530133
009310
037950
052860
332290
395160
520073
500028
079370
115180
305720
175330
032850
418660
006800
032680
408920
124560
138920
215000
068930
307280
37550L
017480
240550
005610
002790
079160
145990
610039
100090
155660
451600
003650
457700
063080
071970
214260
006650
011760
061090
081580
067280
067170
093640
001210
208140
000760
288330
063440
432430
484870
010640
494670
464240
101490
0049K0
086790
139130
610078
500023
009150
228760
0000Z0
037330
046390
247540
065770
016670
060480
021320
0049M0
419050
303030
018470
348950
016610
010400
096240
252500
007700
28513K
006125
462020
040350
388050
030200
411540
460280
089850
357880
371460
214420
520074
003080
700032
119650
383310
088980
389650
466410
000810
234310
068100
203400
321260
134580
065350
060380
391670
371470
213420
176950
550043
356540
493420
043610
067570
361570
027040
378340
317530
025980
092200
087600
458750
048470
004800
352090
100220
340930
322400
300080
700023
000390
445090
086710
000670
251350
610056
463250
610038
091810
0048K0
0051G0
000215
010280
101330
530112
364980
225590
355690
384470
500088
492220
108670
004830
293480
001770
217590
317870
066430
462310
053270
459750
475150
610089
084670
037760
221840
044180
194700
016250
385560
276990
261140
0153P0
520072
265520
479960
450330
471780
334970
354200
272210
117670
037370
131760
274400
491700
051900
013700
530113
459790
050760
069620
465350
012690
009730
001120
403550
090460
068290
388210
005830
580066
294090
488060
472920
003925
001060
031820
570070
056190
078000
039440
0148J0
474170
100660
060540
0083S0
042370
084180
064090
530031
183710
009415
078520
044340
550087
318410
204020
066130
900110
101970
570055
33637K
530111
081000
100700
123310
359090
333050
006980
0022T0
169330
025870
760025
112040
0094M0
367740
389260
215090
114260
0086C0
490600
700031
0104G0
014940
026040
001795
530095
225220
491630
483570
477050
263920
500040
136150
483330
018620
058450
261120
007330
011230
0057H0
009410
003720
054920
078860
200880
050090
041460
0008T0
481430
495750
042510
198080
700028
0036Z0
091340
475960
252650
304770
194480
001275
009830
005935
437070
078130
419420
047560
477760
031430
004710
480030
111380
357120
064850
101400
005440
034020
009155
381560
415640
024950
468370
093380
0025N0
700014
610083
287180
101140
051910
003075
010770
088260
530056
241520
000725
285490
496080
214180
052260
017550
460870
189400
053610
298000
580067
520080
229640
272570
241690
128660
610071
006340
299900
075180
061250
335810
019660
125020
291630
121890
455180
024880
041930
382840
036830
500036
347850
486240
031980
007120
250780
000070
308620
115310
145270
290090
329750
610086
011280
491620
497510
415760
950170
060370
000500
024720
266390
610067
464580
126560
068940
038390
00104K
0142D0
091440
477380
017040
275630
570093
369370
400970
027360
152100
570101
380340
088800
610096
458650
002290
073560
099520
037030
228820
245360
580054
443250
0123S0
455850
117690
053260
078020
277540
486290
037070
500020
570065
26490K
108860
122870
065170
308430
520088
484590
043150
003550
308080
196450
019680
058860
494840
292560
122990
494890
006140
360350
466690
266410
381570
530140
499660
277070
458610
024120
200780
458350
610091
079000
024890
0000H0
483320
005670
047050
173940
092790
025000
318000
36328K
192410
282330
002990
245710
102120
012160
007110
520046
021050
456600
232140
010470
252670
155650
0023A0
000430
484130
0111J0
417630
460660
365040
174900
035720
500050
297890
473050
448490
064520
0115E0
00781K
395400
304760
292500
038060
214390
276650
530120
015710
033200
460270
009770
241560
119610
148070
032980
001740
489790
101280
489030
080420
019490
003610
073110
263720
047040
446770
003545
023770
399720
037230
276970
0091M0
484890
610076
37550K
0021D0
464600
0085N0
114800
105780
066970
278540
354500
017900
610036
275290
061040
127710
017810
134060
291130
477490
396300
196700
069510
005110
397030
004020
314130
042420
317770
580032
760024
048410
238090
273060
295020
482730
500029
520090
153270
258790
0013P0
056360
267450
280940
082270
033560
035890
298830
317450
015590
227950
363260
520064
084690
447620
203650
129920
438080
036460
060150
060310
472840
410870
200670
053050
009460
061970
550069
303810
109860
495230
067920
039130
137610
348370
000157
029460
103140
007810
089010
452280
260970
065150
146320
303530
004835
016580
007540
411420
456880
261110
104040
250730
053060
024850
476080
032540
373170
090370
001070
261780
138080
002150
215200
700012
475250
002710
438740
494120
071670
196030
000050
492500
004250
070960
004700
530061
475080
139660
610079
520068
140070
123410
530036
03473K
071200
367770
051380
357230
481850
139230
454910
085620
274090
900300
336160
276040
498400
452670
023150
075130
304660
261220
0127V0
103840
001390
086060
130580
004890
047810
377990
082660
222110
383220
438100
610007
610003
109960
039310
032640
011300
006060
073010
580056
356680
018880
063760
0005G0
760011
272910
052710
042660
570019
052220
465330
233160
439870
330860
393970
475310
192080
005720
403870
452980
211560
610069
049120
256940
007340
030000
086980
331740
014790
054950
182490
331520
340360
760008
463300
00279K
580059
352940
357580
462510
270870
395290
042600
187220
030610
016380
073490
002680
038460
080520
216050
033790
088290
0127T0
034220
096775
0094L0
272580
291810
469480
570066
463690
043710
008350
340450
011320
378850
067080
610034
488770
000640
455660
380540
445150
371150
364990
093190
086040
487830
004560
469830
039020
088390
0047P0
0040S0
001440
092730
0043Y0
008970
550084
225040
35320K
033250
095720
074600
089890
315640
451540
001230
054800
000120
011810
610099
476040
071280
469170
035080
142210
415380
079950
610101
419120
084730
760021
100120
347000
012030
006110
140430
010140
025890
091580
0079X0
570107
143160
0010V0
081180
192820
417310
002020
014280
093370
456010
253150
052690
237350
089470
457990
0000D0
090355
102110
002795
043220
148150
153130
131030
441270
432600
010780
100790
034810
352770
321370
131370
007860
466810
271940
018260
055490
053300
114460
027830
123750
039490
003480
0120X0
530124
067160
131100
447430
452440
045510
700036
449580
458210
290720
025860
036670
450520
192720
255220
580063
009180
276730
493790
033540
126640
253240
009420
014530
610013
017890
000650
435530
105740
439090
305540
094170
356890
419540
115440
001620
100250
237750
610040
275750
570100
000890
078340
079650
491000
530090
419530
610072
281740
025880
453080
226490
008830
072470
700018
351330
0040X0
261920
417790
067730
017650
217730
030960
570109
092780
550099
036630
161890
530094
096530
126730
452200
013580
222080
444530
461340
060230
435040
053690
610095
097955
520092
008600
0154H0
419080
007770
292050
290080
290550
197140
312610
199800
550063
115610
236200
900140
103230
185680
271060
206640
060850
090350
246690
463290
0126Z0
035760
017510
071050
0080X0
012610
441330
199430
140520
396520
000087
192440
0093A0
078140
442550
059090
036170
580076
407400
610097
357550
005385
011420
760020
452450
465480
049080
031210
472160
007820
500069
488900
045060
464440
143860
475280
360150
092040
101170
470310
426030
024070
419650
120030
092440
004985
33626K
030190
099220
005690
005965
700017
18064K
580050
083790
002880
080470
237690
203780
009780
0018C0
0046Y0
267770
085910
368600
377460
211270
130660
199550
094840
254120
228800
0103T0
456200
0052S0
228850
041190
161000
009140
463680
530107
530122
006050
050890
264850
465620
121440
094480
036120
0127P0
225060
213630
610060
225050
023160
030530
307870
110990
489010
462350
069460
460470
269540
433970
437370
271830
530123
006400
009970
122640
088350
317120
424460
025560
139320
447660
054410
570081
610047
265690
058430
0065G0
036620
043650
462330
001260
383800
005090
039840
011390
221800
570082
234100
242040
238120
106080
105560
316670
336370
474590
479850
336570
303360
040610
064480
060240
042700
001800
001250
027710
027970
0162M0
476850
004150
403490
152870
263810
293580
212560
310960
151860
099410
087010
462980
006490
204450
065650
033500
310970
118990
050860
147830
198940
130730
520077
269370
294140
448710
016790
214150
412770
275300
126880
215790
355390
104530
0053M0
005820
035510
089860
005740
011930
393210
036530
036710
201490
066910
000150
520057
002320
227840
024740
230240
264900
009470
451670
072020
035610
227540
452250
283580
488210
001540
434480
180400
066575
422420
138910
402490
465670
126700
292160
285130
052790
373160
417450
002785
001810
036220
38380K
0115H0
253230
290120
00680K
166090
418670
950250
049430
290130
445180
0001A0
238490
0088D0
205500
484790
315960
453860
610009
005030
256450
0150K0
0019K0
318160
495330
063160
520086
033160
189300
227100
092190
008490
049480
444490
0064K0
580021
014680
461450
131180
0007C0
474390
328380
014285
019175
004365
018000
018290
493810
223250
580058
219420
126340
039340
145995
0091C0
453060
570096
046120
179530
072710
500098
284740
0093D0
610029
017000
570115
580033
033240
001685
580060
006345
244460
299660
069540
326030
277640
006220
950190
490480
000140
069260
271050
136340
610008
448280
066790
214320
036090
096770
057050
570074
0086B0
448630
900340
025900
044380
414270
0097F0
487750
453820
03481K
027410
141000
365590
440910
208710
440650
001080
015260
270800
256840
500085
389140
001680
114820
328130
459550
256150
233740
0052D0
051500
520089
189980
011500
491230
005420
234920
036560
111710
014100
365780
217270
023350
363580
034230
008250
070300
468380
413930
217780
225570
462520
094940
001290
068330
153460
493330
580073
014130
002820
036030
950210
0089D0
570022
005180
098660
092870
005750
056730
006730
495550
0117L0
174360
477340
452400
059120
271980
108490
580017
124500
189330
011330
0118S0
267440
013890
195970
760019
060590
008470
003535
339770
760018
117700
435540
510027
580044
079960
033920
002840
220100
003010
208860
263860
285800
105760
0061Z0
379780
051630
024900
028670
0084E0
000700
000250
046210
473460
234300
251600
000720
0123G0
269620
005160
550093
451000
330350
483020
010170
364960
001500
389020
018310
014950
080580
056090
473290
075970
461460
300640
012170
020120
423170
048430
394350
053620
020180
457630
003570
440340
084990
194370
102940
211050
036930
069640
140700
004960
479620
003850
065710
033050
054940
000990
042000
270660
313760
401170
337120
0137W0
377330
006370
008370
096610
036690
159910
464920
448100
052020
302450
043590
016360
405100
580016
027740
032300
485810
487570
092300
329180
215480
066360
474660
476060
281990
449690
134790
442560
494220
520083
520085
530060
121800
033310
025550
0001S0
530055
307510
045660
321410
090435
0015F0
122900
0151S0
337930
002450
037560
026940
095700
288620
122090
570094
570029
00806K
019180
006805
114450
025530
520082
101670
226380
306530
448900
418250
298060
122630
341850
333620
217190
014190
500024
006620
00088K
034950
292150
000440
261270
0069M0
500093
226950
043340
610062
478340
123010
325020
291680
446720
310200
610068
455900
000860
382150
610018
610080
550098
024830
099430
455030
007210
122690
192250
007370
134380
404120
039290
371950
0015E0
227610
496770
293490
418470
368190
290560
035290
004410
064260
550097
059270
000180
356860
131890
071090
316140
280320
005490
012750
003800
460930
389500
137080
570091
001550
005710
068240
007980
094850
213500
091170
469060
122260
049630
007160
226400
224110
005745
038010
191410
467930
530141
003310
013360
054450
021045
389470
001840
241840
036420
580048
489250
000227
236810
308100
251270
018500
413390
228340
002200
0098N0
003280
580051
039030
388610
023790
580043
500072
019210
021080
012330
485540
004105
440320
013000
435550
014820
357780
267490
004780
077360
013570
260660
019770
372170
234690
448290
033130
160580
001470
080010
139050
187870
499790
760017
319640
003960
388790
365330
011155
230360
020760
009160
373490
086520
054090
215620
354350
469150
008770
005387
030210
218420
580080
407300
226980
044780
500086
049550
458030
031510
429980
024090
0088N0
114840
166400
065060
610028
002960
0131V0
429010
475380
453850
006200
033270
359210
108380
377030
417500
580040
222810
464280
140710
057540
117580
465610
032860
065420
228790
000325
570118
004270
003380
064760
266360
462010
494420
033340
217820
069730
252710
082740
421320
024110
243890
427120
033100
243840
000270
253590
093050
446540
241390
570108
200470
0113D0
580078
005870
115570
195980
032800
488080
090150
0038A0
010040
039570
494410
390400
214610
0111P0
475050
238720
437350
298380
760016
123700
023530
009190
005320
261070
379800
500041
0091W0
0162L0
214430
0007F0
550089
394670
466910
485690
580061
407830
067630
177830
348030
344860
498390
488290
032350
004060
137950
107600
001020
950130
252410
491090
246710
047820
088340
039560
005850
297570
183490
403850
249420
228810
255440
033830
378800
095570
117730
204620
067900
065510
107640
000910
0104H0
004450
008040
453450
038680
321820
243880
337150
0015G0
0067Y0
292190
078600
102460
105630
036890
610055
014440
105550
0133E0
292770
008930
433500
078150
373200
017390
453640
297090
007720
002100
570097
0004G0
100840
248170
001530
456250
001000
389030
074610
395150
006280
457370
457550
248070
089790
900290
267290
027580
473370
0068M0
032620
145670
183300
000300
024800
049950
498050
329650
001527
235980
002025
367760
411060
476690
213610
426020
004690
520054
520079
530067
045340
476000
361610
068050
106190
170790
214330
036580
014825
065690
257370
530119
0104N0
491610
700013
300950
570058
082800
488980
700026
004170
348210
048910
186230
012210
423160
0007G0
530116
423920
091970
481190
266370
154040
025750
241790
336260
071320
137310
042040
422260
441800
290270
004415
462860
005950
0084D0
034120
469530
450910
352480
258610
0005D0
482680
000540
520050
487720
012510
021040
317830
012630
0000J0
282880
0107F0
450190
278280
049830
137400
319660
412570
073240
465580
491830
023900
139220
039200
288980
195500
02826K
163560
381620
067770
500096
002210
005500
205470
010660
170900
140670
474920
387570
006040
030350
385720
104830
950160
310870
482690
760006
088130
500099
610058
093920
352700
417840
340570
293780
362990
331380
048830
471990
094820
0087F0
323410
306200
570061
002410
221980
115480
195930
291230
189690
005300
040420
284430
207760
008700
173130
610025
013120
291620
225190
149980
332940
006910
0004V0
610084
002355
259960
700022
053290
068790
125490
108590
368590
064350
099440
009300
089140
258830
049180
222980
461490
385710
304780
337140
433220
498610
032750
375760
498180
142760
099190
530132
0068Y0
225530
244920
404650
090710
381170
495040
295310
229000
123420
000320
002630
017250
261240
192650
520056
071055
373790
097800
287840
438900
088280
045970
010820
580039
104540
451060
476550
036200
020150
471760
140910
019010
145170
161580
453010
167860
326230
347740
102780
050110
002240
079980
036800
331920
065950
332930
473950
0002C0
005250
298340
036640
464930
458760
760022
348150
449770
496130
089150
252420
200030
007690
149950
451800
361670
215100
487910
039420
395170
001380
029530
005800
086890
157490
391710
015760
092600
462870
261520
057680
411860
361580
488200
010120
472720
241180
018120
0082V0
301300
464470
009620
0135Y0
060980
011690
084870
0153K0
351320
228670
138490
002787
375770
298040
041520
495940
018670
027050
060250
033230
488280
322180
152500
119500
067310
031330
028300
317330
0138Y0
457480
236350
460960
530092
298020
530114
0120J0
011090
464610
049800
570063
081660
426150
469880
580035
363280
466950
376900
278650
488720
038500
289250
130740
115500
580070
143240
001750
217770
400570
200350
0137V0
379810
002230
449190
136540
026150
253840
001515
140410
130500
0115D0
052460
000105
230980
003680
225430
160980
461270
044820
094970
009240
453810
760023
019570
195940
181710
117460
429760
039980
225130
069080
083500
352910
144960
009835
510016
071950
354320
079810
360140
0113G0
530130
394800
033640
073640
053980
016740
217620
401470
610035
323280
253280
570069
006570
365340
530089
220260
396270
051390
123860
0092B0
487920
482030
302550
411080
471230
072990
448330
294870
214980
317400
480040
500030
381970
435570
012450
372800
037460
005940
232830
267270
170030
063570
001067
463480
001940
391600
610088
0104P0
002620
494300
700029
097870
0093G0
178920
450180
005860
476760
474800
123320
700034
431190
220180
395270
185750
006090
244580
031440
520081
016100
008290
104520
474220
015230
046890
010960
219750
079550
238200
322410
0099L0
464080
550092
159580
050120
294570
054670
208350
006660
417970
289010
458730
0015K0
0053L0
122310
333430
008355
078070
570098
347700
700025
005960
013310
219480
054040
500079
207940
123890
570054
065500
320000
267980
169950
311390
032960
078590
148250
043370
175140
353190
066570
172670
305090
0085P0
306520
251590
452260
227570
365550
017180
433250
226590
065530
486630
109820
424960
580057
476450
005380
432720
415340
036540
444200
465770
447770
520076
065570
065370
488480
010100
023810
086390
035250
473440
428560
0091P0
481890
453950
245340
275280
417010
001200
339950
900260
200230
195920
486830
463050
131090
086820
451220
550088
580020
123840
306620
338220
044450
138530
022220
474650
437080
0082F0
264450
017940
076610
139280
580055
038530
900100
472150
119830
104620
399110
012205
418420
448570
475630
137940
323350
041650
000145
078160
183700
452430
404540
004310
008730
066670
395760
315930
404990
570073
412350
610074
048870
204630
192390
035620
058470
052770
000520
089970
373110
473980
059210
466100
299170
365000
026890
100590
045300
570119
003475
140950
004545
332620
053700
474490
219550
025320
483290
000080
500080
102710
487950
006260
472850
241770
035600
088910
251340
046310
069410
217500
218150
062040
234340
161390
002995
032190
160190
479730
127120
330590
496070
550070
004000
0021E0
034940
332610
432980
0154F0
475830
079430
123570
475230
401590
277410
265740
489210
497570
004970
225030
212710
052600
003000
394660
0141S0
353200
109080
336680
610045
004590
407310
365900
005257
078890
002810
460850
0046A0
0074K0
002390
217330
043910
000545
241820
000850
148930
610049
215380
0117V0
162300
108450
050960
432320
012790
0139P0
030720
0030R0
0101C0
272290
069660
232080
300720
010580
530063
490330
011370
950200
476830
487240
105010
295000
140860
001790
079190
277880
570060
058650
097520
032500
004370
263700
0041L0
145210
171120
419890
497780
321550
478560
0090B0
011200
417180
006880
012280
491010
500077
404260
041920
020710
308170
494340
253250
101360
0013V0
051905
048530
056700
468630
282000
058970
267260
104700
299030
025950
053350
214450
067370
044960
0016X0
415920
420770
097230
224060
144510
196230
046070
263050
032940
433980
175250
001045
188260
302430
053080
133750
487230
036000
760009
570105
171010
580075
053800
226320
021650
281820
760028
0127R0
462340
003555
200710
284980
610064
495060
305050
408900
066620
030520
192400
329660
001780
200250
001130
0028X0
438330
0155M0
395750
478150
310080
086280
052330
400760
239890
481340
0041J0
250000
156080
494310
429000
530083
091220
078350
451530
277630
060570
0132H0
086960
001450
004090
096350
377450
058610
039740
700030
009450
083450
115530
304940
570047
425040
278470
024910
033780
038950
079940
33637L
360070
0008Z0
028260
014570
387280
307520
009540
0098F0
011000
291890
002760
500091
580062
372910
483030
317850
455860
306950
550062
160550
009270
013870
437730
001630
520093
089030
064800
530117
309230
344820
005880
449780
006405
0066W0
375270
025770
464310
177900
0052T0
484880
0105E0
570104
265560
205720
495850
496020
041440
222040
000815
0122W0
358570
034310
068270
054620
003220
168580
009290
499150
053160
473590
176750
214270
461900
002350
316300
032790
289260
461580
475720
0023B0
218410
004360
082210
272550
322780
101680
530127
114100
334690
364690
273640
264660
051370
474930
014990
007610
570116
530104
118000
382900
042500
014580
004380
141080
216080
072870
700027
103590
123330
610061
452160
021820
181480
489730
032685
610030
267250
314930
023450
520087
018700
058110
187420
078935
449170
396690
580049
004255
092220
314140
570072
495710
208370
060280
461600
059100
498860
445910
039860
290520
402030
210120
530064
002780
047400
011070
004840
580064
114190
348080
114810
500100
008775
006920
530129
298770
102960
123040
456040
0020H0
398120
500035
102970
180640
0048J0
451150
399580
178320
081150
007070
280930
570099
456610
013520
376300
434730
0097L0
370090
004720
458870
196490
014915
0009K0
100910
304360
473000
0138T0
0041E0
429740
357250
438320
051600
261260
376290
051915
439260
006890
580026
402340
040300
052900
065450
900270
035420
034590
760012
093240
0114X0
263800
335870
049470
252000
003100
409820
011170
232680
071840
133820
099320
239660
0094K0
222160
520094
001465
094360
580047
089230
443060
000950
477730
475560
237820
259630
442260
144600
290660
610087
520069
0008S0
610075
500061
072950
066900
000210
469050
099390
500081
043100
377300
138360
471820
068760
367380
580053
486990
032580
131220
448540
610066
456680
036190
153490
328370
244620
066980
140580
486450
003465
109670
477470
480310
498270
070590
385520
368770
222420
0040Y0
430690
080530
580079
002460
462900
245350
003690
0015B0
476310
442320
0105P0
000020
309930
069500
035150
159010
016920
067000
199480
099750
082850
267850
483340
352820
109070
412560
011210
147970
084850
185490
276000
015360
361390
200130
044480
033320
166480
550100
610073
067390
017960
488500
530106
128540
489460
530136
0106J0
570095
004100
0138D0
003620
0119H0
129260
500068
003780
090470
039610
368970
390390
459100
035810
405920
089600
478110
464490
476070
318020
246720
042110
043360
190510
131400
096870
487360
123690
138930
336060
484120
570064
760005
500067
496090
440290
950140
040910
065130
015750
073570
152380
466920
064400
483280
016590
282720
003200
054930
001430
101240
0071M0
106240
383930
332500
012200
011150
038110
435420
190650
008060
610037
326240
455960
055550
580072
289480
314250
445690
371450
047920
101930
000400
219390
475400
023760
272110
156100
456070
363570
084650
094860
001755
570023
047310
500090
007575
054050
472170
091180
058850
064290
610077
256630
042940
038880
014830
465320
196170
182360
0093B0
003530
023800
004140
500070
038870
334700
252990
003240
307950
580068
220130
610098
046970
0144M0
077500
0021C0
483420
371160
131970
490470
004870
445290
473640
500089
550041
104200
479080
096250
046940
382480
011700
465780
065660
023590
429270
058400
307750
064550
013720
020400
460940
114630
900310
227560
0054V0
204840
364970
003580
439580
0080G0
0010E0
086450
373220
215600
115450
004650
471460
0113P0
348350
446070
048770
019170
060260
007460
363510
085660
0001P0
007280
010130
045390
011040
001570
000240
460860
002070
550095
0072Z0
489500
005990
304100
014970
304840
302440
413640
530121
013990
007570
113810
010240
473330
009520
039010
0078V0
365270
472230
500087
079170
500082
610024
042520
095660
465660
322000
150460
080160
379790
063170
096630
100030
477080
496120
114470
337160
126600
347860
436140
0100K0
342870
006380
